-1.0e0 -1.0e0 -1.0e0 -1.0e0
-9.16667e-1 -1.0e0 -8.402786e-1 -8.402786e-1
-8.3333391e-1 -1.0e0 -6.944453e-1 -6.944453e-1
-7.5000081e-1 -1.0e0 -5.62501e-1 -5.62501e-1
-6.6666771e-1 -1.0e0 -4.444461e-1 -4.444461e-1
-5.8333461e-1 -1.0e0 -3.402795e-1 -3.402795e-1
-5.0000151e-1 -1.0e0 -2.500015e-1 -2.500015e-1
-4.1666841e-1 -1.0e0 -1.736125e-1 -1.736125e-1
-3.3333531e-1 -1.0e0 -1.111125e-1 -1.111125e-1
-2.5000221e-1 -1.0e0 -6.2501e-2 -6.2501e-2
-1.6666911e-1 -1.0e0 -2.77786e-2 -2.77786e-2
-8.333601e-2 -1.0e0 -6.945e-3 -6.945e-3
-2.911e-6 -1.0e0 0.0e0 0.0e0
8.333019e-2 -1.0e0 -6.9438e-3 -6.9438e-3
1.66663289e-1 -1.0e0 -2.77766e-2 -2.77766e-2
2.4999638e-1 -1.0e0 -6.24983e-2 -6.24983e-2
3.3332948e-1 -1.0e0 -1.111087e-1 -1.111087e-1
4.1666258e-1 -1.0e0 -1.73608e-1 -1.73608e-1
4.9999568e-1 -1.0e0 -2.499957e-1 -2.499957e-1
5.8332878e-1 -1.0e0 -3.402725e-1 -3.402725e-1
6.6666188e-1 -1.0e0 -4.44438e-1 -4.44438e-1
7.4999498e-1 -1.0e0 -5.624925e-1 -5.624925e-1
8.3332808e-1 -1.0e0 -6.944357e-1 -6.944357e-1
9.1666118e-1 -1.0e0 -8.40268e-1 -8.40268e-1
9.9999428e-1 -1.0e0 -9.999887e-1 -9.999887e-1

-1.0e0 -9.16667e-1 -8.4027847e-1 -8.4027847e-1
-9.16667e-1 -9.16667e-1 -6.8055698e-1 -6.8055698e-1
-8.3333391e-1 -9.16667e-1 -5.3472377e-1 -5.3472377e-1
-7.5000081e-1 -9.16667e-1 -4.0277948e-1 -4.0277948e-1
-6.6666771e-1 -9.16667e-1 -2.8472447e-1 -2.8472447e-1
-5.8333461e-1 -9.16667e-1 -1.8055788e-1 -1.8055788e-1
-5.0000151e-1 -9.16667e-1 -9.027997e-2 -9.027997e-2
-4.1666841e-1 -9.16667e-1 -1.389098e-2 -1.389098e-2
-3.3333531e-1 -9.16667e-1 4.860913e-2 4.860913e-2
-2.5000221e-1 -9.16667e-1 9.722052e-2 9.722052e-2
-1.6666911e-1 -9.16667e-1 1.3194302e-1 1.3194302e-1
-8.333601e-2 -9.16667e-1 1.5277663e-1 1.5277663e-1
-2.911e-6 -9.16667e-1 1.597215e-1 1.597215e-1
8.333019e-2 -9.16667e-1 1.5277773e-1 1.5277773e-1
1.66663289e-1 -9.16667e-1 1.3194493e-1 1.3194493e-1
2.4999638e-1 -9.16667e-1 9.722333e-2 9.722333e-2
3.3332948e-1 -9.16667e-1 4.861293e-2 4.861293e-2
4.1666258e-1 -9.16667e-1 -1.388628e-2 -1.388628e-2
4.9999568e-1 -9.16667e-1 -9.027417e-2 -9.027417e-2
5.8332878e-1 -9.16667e-1 -1.8055087e-1 -1.8055087e-1
6.6666188e-1 -9.16667e-1 -2.8471648e-1 -2.8471648e-1
7.4999498e-1 -9.16667e-1 -4.0277097e-1 -4.0277097e-1
8.3332808e-1 -9.16667e-1 -5.3471417e-1 -5.3471417e-1
9.1666118e-1 -9.16667e-1 -6.8054628e-1 -6.8054628e-1
9.9999428e-1 -9.16667e-1 -8.4026718e-1 -8.4026718e-1

-1.0e0 -8.3333391e-1 -6.9444534e-1 -6.9444534e-1
-9.16667e-1 -8.3333391e-1 -5.3472385e-1 -5.3472385e-1
-8.3333391e-1 -8.3333391e-1 -3.8889064e-1 -3.8889064e-1
-7.5000081e-1 -8.3333391e-1 -2.5694635e-1 -2.5694635e-1
-6.6666771e-1 -8.3333391e-1 -1.3889134e-1 -1.3889134e-1
-5.8333461e-1 -8.3333391e-1 -3.472475e-2 -3.472475e-2
-5.0000151e-1 -8.3333391e-1 5.555316e-2 5.555316e-2
-4.1666841e-1 -8.3333391e-1 1.3194215e-1 1.3194215e-1
-3.3333531e-1 -8.3333391e-1 1.9444226e-1 1.9444226e-1
-2.5000221e-1 -8.3333391e-1 2.4305365e-1 2.4305365e-1
-1.6666911e-1 -8.3333391e-1 2.7777615e-1 2.7777615e-1
-8.333601e-2 -8.3333391e-1 2.9860976e-1 2.9860976e-1
-2.911e-6 -8.3333391e-1 3.055547e-1 3.055547e-1
8.333019e-2 -8.3333391e-1 2.9861086e-1 2.9861086e-1
1.66663289e-1 -8.3333391e-1 2.7777806e-1 2.7777806e-1
2.4999638e-1 -8.3333391e-1 2.4305646e-1 2.4305646e-1
3.3332948e-1 -8.3333391e-1 1.9444606e-1 1.9444606e-1
4.1666258e-1 -8.3333391e-1 1.3194685e-1 1.3194685e-1
4.9999568e-1 -8.3333391e-1 5.555896e-2 5.555896e-2
5.8332878e-1 -8.3333391e-1 -3.471774e-2 -3.471774e-2
6.6666188e-1 -8.3333391e-1 -1.3888335e-1 -1.3888335e-1
7.4999498e-1 -8.3333391e-1 -2.5693784e-1 -2.5693784e-1
8.3332808e-1 -8.3333391e-1 -3.8888104e-1 -3.8888104e-1
9.1666118e-1 -8.3333391e-1 -5.3471315e-1 -5.3471315e-1
9.9999428e-1 -8.3333391e-1 -6.9443405e-1 -6.9443405e-1

-1.0e0 -7.5000081e-1 -5.6250107e-1 -5.6250107e-1
-9.16667e-1 -7.5000081e-1 -4.0277957e-1 -4.0277957e-1
-8.3333391e-1 -7.5000081e-1 -2.5694637e-1 -2.5694637e-1
-7.5000081e-1 -7.5000081e-1 -1.2500208e-1 -1.2500208e-1
-6.6666771e-1 -7.5000081e-1 -6.94707e-3 -6.94707e-3
-5.8333461e-1 -7.5000081e-1 9.721953e-2 9.721953e-2
-5.0000151e-1 -7.5000081e-1 1.8749744e-1 1.8749744e-1
-4.1666841e-1 -7.5000081e-1 2.6388643e-1 2.6388643e-1
-3.3333531e-1 -7.5000081e-1 3.2638654e-1 3.2638654e-1
-2.5000221e-1 -7.5000081e-1 3.7499792e-1 3.7499792e-1
-1.6666911e-1 -7.5000081e-1 4.0972043e-1 4.0972043e-1
-8.333601e-2 -7.5000081e-1 4.3055403e-1 4.3055403e-1
-2.911e-6 -7.5000081e-1 4.37499e-1 4.37499e-1
8.333019e-2 -7.5000081e-1 4.3055513e-1 4.3055513e-1
1.66663289e-1 -7.5000081e-1 4.0972234e-1 4.0972234e-1
2.4999638e-1 -7.5000081e-1 3.7500073e-1 3.7500073e-1
3.3332948e-1 -7.5000081e-1 3.2639034e-1 3.2639034e-1
4.1666258e-1 -7.5000081e-1 2.6389113e-1 2.6389113e-1
4.9999568e-1 -7.5000081e-1 1.8750323e-1 1.8750323e-1
5.8332878e-1 -7.5000081e-1 9.722653e-2 9.722653e-2
6.6666188e-1 -7.5000081e-1 -6.93907e-3 -6.93907e-3
7.4999498e-1 -7.5000081e-1 -1.2499356e-1 -1.2499356e-1
8.3332808e-1 -7.5000081e-1 -2.5693677e-1 -2.5693677e-1
9.1666118e-1 -7.5000081e-1 -4.0276888e-1 -4.0276888e-1
9.9999428e-1 -7.5000081e-1 -5.6248978e-1 -5.6248978e-1

-1.0e0 -6.6666771e-1 -4.4444595e-1 -4.4444595e-1
-9.16667e-1 -6.6666771e-1 -2.8472446e-1 -2.8472446e-1
-8.3333391e-1 -6.6666771e-1 -1.3889125e-1 -1.3889125e-1
-7.5000081e-1 -6.6666771e-1 -6.94696e-3 -6.94696e-3
-6.6666771e-1 -6.6666771e-1 1.1110805e-1 1.1110805e-1
-5.8333461e-1 -6.6666771e-1 2.1527464e-1 2.1527464e-1
-5.0000151e-1 -6.6666771e-1 3.0555255e-1 3.0555255e-1
-4.1666841e-1 -6.6666771e-1 3.8194154e-1 3.8194154e-1
-3.3333531e-1 -6.6666771e-1 4.4444165e-1 4.4444165e-1
-2.5000221e-1 -6.6666771e-1 4.9305304e-1 4.9305304e-1
-1.6666911e-1 -6.6666771e-1 5.2777554e-1 5.2777554e-1
-8.333601e-2 -6.6666771e-1 5.4860915e-1 5.4860915e-1
-2.911e-6 -6.6666771e-1 5.55554e-1 5.55554e-1
8.333019e-2 -6.6666771e-1 5.4861024e-1 5.4861024e-1
1.66663289e-1 -6.6666771e-1 5.2777745e-1 5.2777745e-1
2.4999638e-1 -6.6666771e-1 4.9305585e-1 4.9305585e-1
3.3332948e-1 -6.6666771e-1 4.4444545e-1 4.4444545e-1
4.1666258e-1 -6.6666771e-1 3.8194624e-1 3.8194624e-1
4.9999568e-1 -6.6666771e-1 3.0555835e-1 3.0555835e-1
5.8332878e-1 -6.6666771e-1 2.1528165e-1 2.1528165e-1
6.6666188e-1 -6.6666771e-1 1.1111604e-1 1.1111604e-1
7.4999498e-1 -6.6666771e-1 -6.93845e-3 -6.93845e-3
8.3332808e-1 -6.6666771e-1 -1.3888165e-1 -1.3888165e-1
9.1666118e-1 -6.6666771e-1 -2.8471376e-1 -2.8471376e-1
9.9999428e-1 -6.6666771e-1 -4.4443466e-1 -4.4443466e-1

-1.0e0 -5.8333461e-1 -3.4027939e-1 -3.4027939e-1
-9.16667e-1 -5.8333461e-1 -1.8055789e-1 -1.8055789e-1
-8.3333391e-1 -5.8333461e-1 -3.472469e-2 -3.472469e-2
-7.5000081e-1 -5.8333461e-1 9.72196e-2 9.72196e-2
-6.6666771e-1 -5.8333461e-1 2.1527461e-1 2.1527461e-1
-5.8333461e-1 -5.8333461e-1 3.1944121e-1 3.1944121e-1
-5.0000151e-1 -5.8333461e-1 4.0971912e-1 4.0971912e-1
-4.1666841e-1 -5.8333461e-1 4.8610811e-1 4.8610811e-1
-3.3333531e-1 -5.8333461e-1 5.4860822e-1 5.4860822e-1
-2.5000221e-1 -5.8333461e-1 5.972196e-1 5.972196e-1
-1.6666911e-1 -5.8333461e-1 6.3194211e-1 6.3194211e-1
-8.333601e-2 -5.8333461e-1 6.5277571e-1 6.5277571e-1
-2.911e-6 -5.8333461e-1 6.597206e-1 6.597206e-1
8.333019e-2 -5.8333461e-1 6.5277681e-1 6.5277681e-1
1.66663289e-1 -5.8333461e-1 6.3194402e-1 6.3194402e-1
2.4999638e-1 -5.8333461e-1 5.9722241e-1 5.9722241e-1
3.3332948e-1 -5.8333461e-1 5.4861201e-1 5.4861201e-1
4.1666258e-1 -5.8333461e-1 4.8611281e-1 4.8611281e-1
4.9999568e-1 -5.8333461e-1 4.0972491e-1 4.0972491e-1
5.8332878e-1 -5.8333461e-1 3.1944821e-1 3.1944821e-1
6.6666188e-1 -5.8333461e-1 2.1528261e-1 2.1528261e-1
7.4999498e-1 -5.8333461e-1 9.722812e-2 9.722812e-2
8.3332808e-1 -5.8333461e-1 -3.471509e-2 -3.471509e-2
9.1666118e-1 -5.8333461e-1 -1.805472e-1 -1.805472e-1
9.9999428e-1 -5.8333461e-1 -3.402681e-1 -3.402681e-1

-1.0e0 -5.0000151e-1 -2.5000153e-1 -2.5000153e-1
-9.16667e-1 -5.0000151e-1 -9.028003e-2 -9.028003e-2
-8.3333391e-1 -5.0000151e-1 5.555318e-2 5.555318e-2
-7.5000081e-1 -5.0000151e-1 1.8749747e-1 1.8749747e-1
-6.6666771e-1 -5.0000151e-1 3.0555247e-1 3.0555247e-1
-5.8333461e-1 -5.0000151e-1 4.0971907e-1 4.0971907e-1
-5.0000151e-1 -5.0000151e-1 4.9999698e-1 4.9999698e-1
-4.1666841e-1 -5.0000151e-1 5.7638597e-1 5.7638597e-1
-3.3333531e-1 -5.0000151e-1 6.3888608e-1 6.3888608e-1
-2.5000221e-1 -5.0000151e-1 6.8749747e-1 6.8749747e-1
-1.6666911e-1 -5.0000151e-1 7.2221997e-1 7.2221997e-1
-8.333601e-2 -5.0000151e-1 7.4305357e-1 7.4305357e-1
-2.911e-6 -5.0000151e-1 7.499985e-1 7.499985e-1
8.333019e-2 -5.0000151e-1 7.4305467e-1 7.4305467e-1
1.66663289e-1 -5.0000151e-1 7.2222188e-1 7.2222188e-1
2.4999638e-1 -5.0000151e-1 6.8750027e-1 6.8750027e-1
3.3332948e-1 -5.0000151e-1 6.3888988e-1 6.3888988e-1
4.1666258e-1 -5.0000151e-1 5.7639067e-1 5.7639067e-1
4.9999568e-1 -5.0000151e-1 5.0000278e-1 5.0000278e-1
5.8332878e-1 -5.0000151e-1 4.0972607e-1 4.0972607e-1
6.6666188e-1 -5.0000151e-1 3.0556047e-1 3.0556047e-1
7.4999498e-1 -5.0000151e-1 1.8750598e-1 1.8750598e-1
8.3332808e-1 -5.0000151e-1 5.556277e-2 5.556277e-2
9.1666118e-1 -5.0000151e-1 -9.026933e-2 -9.026933e-2
9.9999428e-1 -5.0000151e-1 -2.4999023e-1 -2.4999023e-1

-1.0e0 -4.1666841e-1 -1.7361252e-1 -1.7361252e-1
-9.16667e-1 -4.1666841e-1 -1.389102e-2 -1.389102e-2
-8.3333391e-1 -4.1666841e-1 1.3194218e-1 1.3194218e-1
-7.5000081e-1 -4.1666841e-1 2.6388647e-1 2.6388647e-1
-6.6666771e-1 -4.1666841e-1 3.8194148e-1 3.8194148e-1
-5.8333461e-1 -4.1666841e-1 4.8610808e-1 4.8610808e-1
-5.0000151e-1 -4.1666841e-1 5.7638599e-1 5.7638599e-1
-4.1666841e-1 -4.1666841e-1 6.5277498e-1 6.5277498e-1
-3.3333531e-1 -4.1666841e-1 7.1527509e-1 7.1527509e-1
-2.5000221e-1 -4.1666841e-1 7.6388647e-1 7.6388647e-1
-1.6666911e-1 -4.1666841e-1 7.9860898e-1 7.9860898e-1
-8.333601e-2 -4.1666841e-1 8.1944258e-1 8.1944258e-1
-2.911e-6 -4.1666841e-1 8.263875e-1 8.263875e-1
8.333019e-2 -4.1666841e-1 8.1944368e-1 8.1944368e-1
1.66663289e-1 -4.1666841e-1 7.9861089e-1 7.9861089e-1
2.4999638e-1 -4.1666841e-1 7.6388928e-1 7.6388928e-1
3.3332948e-1 -4.1666841e-1 7.1527888e-1 7.1527888e-1
4.1666258e-1 -4.1666841e-1 6.5277968e-1 6.5277968e-1
4.9999568e-1 -4.1666841e-1 5.7639178e-1 5.7639178e-1
5.8332878e-1 -4.1666841e-1 4.8611508e-1 4.8611508e-1
6.6666188e-1 -4.1666841e-1 3.8194948e-1 3.8194948e-1
7.4999498e-1 -4.1666841e-1 2.6389499e-1 2.6389499e-1
8.3332808e-1 -4.1666841e-1 1.3195178e-1 1.3195178e-1
9.1666118e-1 -4.1666841e-1 -1.388033e-2 -1.388033e-2
9.9999428e-1 -4.1666841e-1 -1.7360123e-1 -1.7360123e-1

-1.0e0 -3.3333531e-1 -1.1111237e-1 -1.1111237e-1
-9.16667e-1 -3.3333531e-1 4.860913e-2 4.860913e-2
-8.3333391e-1 -3.3333531e-1 1.9444234e-1 1.9444234e-1
-7.5000081e-1 -3.3333531e-1 3.2638663e-1 3.2638663e-1
-6.6666771e-1 -3.3333531e-1 4.4444164e-1 4.4444164e-1
-5.8333461e-1 -3.3333531e-1 5.4860823e-1 5.4860823e-1
-5.0000151e-1 -3.3333531e-1 6.3888614e-1 6.3888614e-1
-4.1666841e-1 -3.3333531e-1 7.1527513e-1 7.1527513e-1
-3.3333531e-1 -3.3333531e-1 7.7777524e-1 7.7777524e-1
-2.5000221e-1 -3.3333531e-1 8.2638663e-1 8.2638663e-1
-1.6666911e-1 -3.3333531e-1 8.6110913e-1 8.6110913e-1
-8.333601e-2 -3.3333531e-1 8.8194273e-1 8.8194273e-1
-2.911e-6 -3.3333531e-1 8.888876e-1 8.888876e-1
8.333019e-2 -3.3333531e-1 8.8194383e-1 8.8194383e-1
1.66663289e-1 -3.3333531e-1 8.6111104e-1 8.6111104e-1
2.4999638e-1 -3.3333531e-1 8.2638943e-1 8.2638943e-1
3.3332948e-1 -3.3333531e-1 7.7777904e-1 7.7777904e-1
4.1666258e-1 -3.3333531e-1 7.1527983e-1 7.1527983e-1
4.9999568e-1 -3.3333531e-1 6.3889194e-1 6.3889194e-1
5.8332878e-1 -3.3333531e-1 5.4861523e-1 5.4861523e-1
6.6666188e-1 -3.3333531e-1 4.4444963e-1 4.4444963e-1
7.4999498e-1 -3.3333531e-1 3.2639514e-1 3.2639514e-1
8.3332808e-1 -3.3333531e-1 1.9445193e-1 1.9445193e-1
9.1666118e-1 -3.3333531e-1 4.861983e-2 4.861983e-2
9.9999428e-1 -3.3333531e-1 -1.1110107e-1 -1.1110107e-1

-1.0e0 -2.5000221e-1 -6.2501068e-2 -6.2501068e-2
-9.16667e-1 -2.5000221e-1 9.722043e-2 9.722043e-2
-8.3333391e-1 -2.5000221e-1 2.4305363e-1 2.4305363e-1
-7.5000081e-1 -2.5000221e-1 3.7499792e-1 3.7499792e-1
-6.6666771e-1 -2.5000221e-1 4.9305293e-1 4.9305293e-1
-5.8333461e-1 -2.5000221e-1 5.9721953e-1 5.9721953e-1
-5.0000151e-1 -2.5000221e-1 6.8749744e-1 6.8749744e-1
-4.1666841e-1 -2.5000221e-1 7.6388643e-1 7.6388643e-1
-3.3333531e-1 -2.5000221e-1 8.2638654e-1 8.2638654e-1
-2.5000221e-1 -2.5000221e-1 8.7499792e-1 8.7499792e-1
-1.6666911e-1 -2.5000221e-1 9.0972043e-1 9.0972043e-1
-8.333601e-2 -2.5000221e-1 9.3055403e-1 9.3055403e-1
-2.911e-6 -2.5000221e-1 9.37499e-1 9.37499e-1
8.333019e-2 -2.5000221e-1 9.3055513e-1 9.3055513e-1
1.66663289e-1 -2.5000221e-1 9.0972234e-1 9.0972234e-1
2.4999638e-1 -2.5000221e-1 8.7500073e-1 8.7500073e-1
3.3332948e-1 -2.5000221e-1 8.2639034e-1 8.2639034e-1
4.1666258e-1 -2.5000221e-1 7.6389113e-1 7.6389113e-1
4.9999568e-1 -2.5000221e-1 6.8750323e-1 6.8750323e-1
5.8332878e-1 -2.5000221e-1 5.9722653e-1 5.9722653e-1
6.6666188e-1 -2.5000221e-1 4.9306093e-1 4.9306093e-1
7.4999498e-1 -2.5000221e-1 3.7500644e-1 3.7500644e-1
8.3332808e-1 -2.5000221e-1 2.4306323e-1 2.4306323e-1
9.1666118e-1 -2.5000221e-1 9.723112e-2 9.723112e-2
9.9999428e-1 -2.5000221e-1 -6.2489769e-2 -6.2489769e-2

-1.0e0 -1.6666911e-1 -2.777861e-2 -2.777861e-2
-9.16667e-1 -1.6666911e-1 1.3194289e-1 1.3194289e-1
-8.3333391e-1 -1.6666911e-1 2.777761e-1 2.777761e-1
-7.5000081e-1 -1.6666911e-1 4.0972038e-1 4.0972038e-1
-6.6666771e-1 -1.6666911e-1 5.2777539e-1 5.2777539e-1
-5.8333461e-1 -1.6666911e-1 6.3194199e-1 6.3194199e-1
-5.0000151e-1 -1.6666911e-1 7.222199e-1 7.222199e-1
-4.1666841e-1 -1.6666911e-1 7.9860889e-1 7.9860889e-1
-3.3333531e-1 -1.6666911e-1 8.61109e-1 8.61109e-1
-2.5000221e-1 -1.6666911e-1 9.0972038e-1 9.0972038e-1
-1.6666911e-1 -1.6666911e-1 9.4444289e-1 9.4444289e-1
-8.333601e-2 -1.6666911e-1 9.6527649e-1 9.6527649e-1
-2.911e-6 -1.6666911e-1 9.722215e-1 9.722215e-1
8.333019e-2 -1.6666911e-1 9.6527759e-1 9.6527759e-1
1.66663289e-1 -1.6666911e-1 9.444448e-1 9.444448e-1
2.4999638e-1 -1.6666911e-1 9.0972319e-1 9.0972319e-1
3.3332948e-1 -1.6666911e-1 8.611128e-1 8.611128e-1
4.1666258e-1 -1.6666911e-1 7.9861359e-1 7.9861359e-1
4.9999568e-1 -1.6666911e-1 7.222257e-1 7.222257e-1
5.8332878e-1 -1.6666911e-1 6.3194899e-1 6.3194899e-1
6.6666188e-1 -1.6666911e-1 5.2778339e-1 5.2778339e-1
7.4999498e-1 -1.6666911e-1 4.097289e-1 4.097289e-1
8.3332808e-1 -1.6666911e-1 2.7778569e-1 2.7778569e-1
9.1666118e-1 -1.6666911e-1 1.3195358e-1 1.3195358e-1
9.9999428e-1 -1.6666911e-1 -2.7767311e-2 -2.7767311e-2

-1.0e0 -8.333601e-2 -6.9448914e-3 -6.9448914e-3
-9.16667e-1 -8.333601e-2 1.5277661e-1 1.5277661e-1
-8.3333391e-1 -8.333601e-2 2.9860982e-1 2.9860982e-1
-7.5000081e-1 -8.333601e-2 4.3055411e-1 4.3055411e-1
-6.6666771e-1 -8.333601e-2 5.4860912e-1 5.4860912e-1
-5.8333461e-1 -8.333601e-2 6.5277571e-1 6.5277571e-1
-5.0000151e-1 -8.333601e-2 7.4305362e-1 7.4305362e-1
-4.1666841e-1 -8.333601e-2 8.1944261e-1 8.1944261e-1
-3.3333531e-1 -8.333601e-2 8.8194272e-1 8.8194272e-1
-2.5000221e-1 -8.333601e-2 9.3055411e-1 9.3055411e-1
-1.6666911e-1 -8.333601e-2 9.6527661e-1 9.6527661e-1
-8.333601e-2 -8.333601e-2 9.8611021e-1 9.8611021e-1
-2.911e-6 -8.333601e-2 9.930551e-1 9.930551e-1
8.333019e-2 -8.333601e-2 9.8611131e-1 9.8611131e-1
1.66663289e-1 -8.333601e-2 9.6527852e-1 9.6527852e-1
2.4999638e-1 -8.333601e-2 9.3055692e-1 9.3055692e-1
3.3332948e-1 -8.333601e-2 8.8194652e-1 8.8194652e-1
4.1666258e-1 -8.333601e-2 8.1944731e-1 8.1944731e-1
4.9999568e-1 -8.333601e-2 7.4305942e-1 7.4305942e-1
5.8332878e-1 -8.333601e-2 6.5278271e-1 6.5278271e-1
6.6666188e-1 -8.333601e-2 5.4861711e-1 5.4861711e-1
7.4999498e-1 -8.333601e-2 4.3056262e-1 4.3056262e-1
8.3332808e-1 -8.333601e-2 2.9861942e-1 2.9861942e-1
9.1666118e-1 -8.333601e-2 1.5278731e-1 1.5278731e-1
9.9999428e-1 -8.333601e-2 -6.9335915e-3 -6.9335915e-3

-1.0e0 -2.911e-6 -8.4739212e-12 -8.4739212e-12
-9.16667e-1 -2.911e-6 1.597215e-1 1.597215e-1
-8.3333391e-1 -2.911e-6 3.055547e-1 3.055547e-1
-7.5000081e-1 -2.911e-6 4.37499e-1 4.37499e-1
-6.6666771e-1 -2.911e-6 5.55554e-1 5.55554e-1
-5.8333461e-1 -2.911e-6 6.597206e-1 6.597206e-1
-5.0000151e-1 -2.911e-6 7.499985e-1 7.499985e-1
-4.1666841e-1 -2.911e-6 8.263875e-1 8.263875e-1
-3.3333531e-1 -2.911e-6 8.888876e-1 8.888876e-1
-2.5000221e-1 -2.911e-6 9.37499e-1 9.37499e-1
-1.6666911e-1 -2.911e-6 9.722215e-1 9.722215e-1
-8.333601e-2 -2.911e-6 9.930551e-1 9.930551e-1
-2.911e-6 -2.911e-6 1.0e0 1.0e0
8.333019e-2 -2.911e-6 9.930562e-1 9.930562e-1
1.66663289e-1 -2.911e-6 9.722234e-1 9.722234e-1
2.4999638e-1 -2.911e-6 9.375018e-1 9.375018e-1
3.3332948e-1 -2.911e-6 8.888914e-1 8.888914e-1
4.1666258e-1 -2.911e-6 8.263922e-1 8.263922e-1
4.9999568e-1 -2.911e-6 7.500043e-1 7.500043e-1
5.8332878e-1 -2.911e-6 6.597276e-1 6.597276e-1
6.6666188e-1 -2.911e-6 5.55562e-1 5.55562e-1
7.4999498e-1 -2.911e-6 4.375075e-1 4.375075e-1
8.3332808e-1 -2.911e-6 3.055643e-1 3.055643e-1
9.1666118e-1 -2.911e-6 1.597322e-1 1.597322e-1
9.9999428e-1 -2.911e-6 1.1299992e-5 1.1299992e-5

-1.0e0 8.333019e-2 -6.9439194e-3 -6.9439194e-3
-9.16667e-1 8.333019e-2 1.5277759e-1 1.5277759e-1
-8.3333391e-1 8.333019e-2 2.986108e-1 2.986108e-1
-7.5000081e-1 8.333019e-2 4.3055508e-1 4.3055508e-1
-6.6666771e-1 8.333019e-2 5.4861009e-1 5.4861009e-1
-5.8333461e-1 8.333019e-2 6.5277669e-1 6.5277669e-1
-5.0000151e-1 8.333019e-2 7.430546e-1 7.430546e-1
-4.1666841e-1 8.333019e-2 8.1944359e-1 8.1944359e-1
-3.3333531e-1 8.333019e-2 8.819437e-1 8.819437e-1
-2.5000221e-1 8.333019e-2 9.3055508e-1 9.3055508e-1
-1.6666911e-1 8.333019e-2 9.6527759e-1 9.6527759e-1
-8.333601e-2 8.333019e-2 9.8611119e-1 9.8611119e-1
-2.911e-6 8.333019e-2 9.930562e-1 9.930562e-1
8.333019e-2 8.333019e-2 9.8611229e-1 9.8611229e-1
1.66663289e-1 8.333019e-2 9.652795e-1 9.652795e-1
2.4999638e-1 8.333019e-2 9.3055789e-1 9.3055789e-1
3.3332948e-1 8.333019e-2 8.819475e-1 8.819475e-1
4.1666258e-1 8.333019e-2 8.1944829e-1 8.1944829e-1
4.9999568e-1 8.333019e-2 7.430604e-1 7.430604e-1
5.8332878e-1 8.333019e-2 6.5278369e-1 6.5278369e-1
6.6666188e-1 8.333019e-2 5.4861809e-1 5.4861809e-1
7.4999498e-1 8.333019e-2 4.305636e-1 4.305636e-1
8.3332808e-1 8.333019e-2 2.9862039e-1 2.9862039e-1
9.1666118e-1 8.333019e-2 1.5278828e-1 1.5278828e-1
9.9999428e-1 8.333019e-2 -6.9326195e-3 -6.9326195e-3

-1.0e0 1.66663289e-1 -2.7776672e-2 -2.7776672e-2
-9.16667e-1 1.66663289e-1 1.3194482e-1 1.3194482e-1
-8.3333391e-1 1.66663289e-1 2.7777803e-1 2.7777803e-1
-7.5000081e-1 1.66663289e-1 4.0972232e-1 4.0972232e-1
-6.6666771e-1 1.66663289e-1 5.2777733e-1 5.2777733e-1
-5.8333461e-1 1.66663289e-1 6.3194392e-1 6.3194392e-1
-5.0000151e-1 1.66663289e-1 7.2222183e-1 7.2222183e-1
-4.1666841e-1 1.66663289e-1 7.9861082e-1 7.9861082e-1
-3.3333531e-1 1.66663289e-1 8.6111093e-1 8.6111093e-1
-2.5000221e-1 1.66663289e-1 9.0972232e-1 9.0972232e-1
-1.6666911e-1 1.66663289e-1 9.4444482e-1 9.4444482e-1
-8.333601e-2 1.66663289e-1 9.6527843e-1 9.6527843e-1
-2.911e-6 1.66663289e-1 9.722234e-1 9.722234e-1
8.333019e-2 1.66663289e-1 9.6527953e-1 9.6527953e-1
1.66663289e-1 1.66663289e-1 9.4444673e-1 9.4444673e-1
2.4999638e-1 1.66663289e-1 9.0972513e-1 9.0972513e-1
3.3332948e-1 1.66663289e-1 8.6111473e-1 8.6111473e-1
4.1666258e-1 1.66663289e-1 7.9861552e-1 7.9861552e-1
4.9999568e-1 1.66663289e-1 7.2222763e-1 7.2222763e-1
5.8332878e-1 1.66663289e-1 6.3195093e-1 6.3195093e-1
6.6666188e-1 1.66663289e-1 5.2778532e-1 5.2778532e-1
7.4999498e-1 1.66663289e-1 4.0973083e-1 4.0973083e-1
8.3332808e-1 1.66663289e-1 2.7778763e-1 2.7778763e-1
9.1666118e-1 1.66663289e-1 1.3195552e-1 1.3195552e-1
9.9999428e-1 1.66663289e-1 -2.7765373e-2 -2.7765373e-2

-1.0e0 2.4999638e-1 -6.2498169e-2 -6.2498169e-2
-9.16667e-1 2.4999638e-1 9.722333e-2 9.722333e-2
-8.3333391e-1 2.4999638e-1 2.4305653e-1 2.4305653e-1
-7.5000081e-1 2.4999638e-1 3.7500082e-1 3.7500082e-1
-6.6666771e-1 2.4999638e-1 4.9305583e-1 4.9305583e-1
-5.8333461e-1 2.4999638e-1 5.9722243e-1 5.9722243e-1
-5.0000151e-1 2.4999638e-1 6.8750034e-1 6.8750034e-1
-4.1666841e-1 2.4999638e-1 7.6388933e-1 7.6388933e-1
-3.3333531e-1 2.4999638e-1 8.2638943e-1 8.2638943e-1
-2.5000221e-1 2.4999638e-1 8.7500082e-1 8.7500082e-1
-1.6666911e-1 2.4999638e-1 9.0972333e-1 9.0972333e-1
-8.333601e-2 2.4999638e-1 9.3055693e-1 9.3055693e-1
-2.911e-6 2.4999638e-1 9.375018e-1 9.375018e-1
8.333019e-2 2.4999638e-1 9.3055803e-1 9.3055803e-1
1.66663289e-1 2.4999638e-1 9.0972523e-1 9.0972523e-1
2.4999638e-1 2.4999638e-1 8.7500363e-1 8.7500363e-1
3.3332948e-1 2.4999638e-1 8.2639323e-1 8.2639323e-1
4.1666258e-1 2.4999638e-1 7.6389403e-1 7.6389403e-1
4.9999568e-1 2.4999638e-1 6.8750613e-1 6.8750613e-1
5.8332878e-1 2.4999638e-1 5.9722943e-1 5.9722943e-1
6.6666188e-1 2.4999638e-1 4.9306383e-1 4.9306383e-1
7.4999498e-1 2.4999638e-1 3.7500934e-1 3.7500934e-1
8.3332808e-1 2.4999638e-1 2.4306613e-1 2.4306613e-1
9.1666118e-1 2.4999638e-1 9.723402e-2 9.723402e-2
9.9999428e-1 2.4999638e-1 -6.248687e-2 -6.248687e-2

-1.0e0 3.3332948e-1 -1.1110855e-1 -1.1110855e-1
-9.16667e-1 3.3332948e-1 4.861295e-2 4.861295e-2
-8.3333391e-1 3.3332948e-1 1.9444615e-1 1.9444615e-1
-7.5000081e-1 3.3332948e-1 3.2639044e-1 3.2639044e-1
-6.6666771e-1 3.3332948e-1 4.4444545e-1 4.4444545e-1
-5.8333461e-1 3.3332948e-1 5.4861205e-1 5.4861205e-1
-5.0000151e-1 3.3332948e-1 6.3888995e-1 6.3888995e-1
-4.1666841e-1 3.3332948e-1 7.1527895e-1 7.1527895e-1
-3.3333531e-1 3.3332948e-1 7.7777905e-1 7.7777905e-1
-2.5000221e-1 3.3332948e-1 8.2639044e-1 8.2639044e-1
-1.6666911e-1 3.3332948e-1 8.6111295e-1 8.6111295e-1
-8.333601e-2 3.3332948e-1 8.8194655e-1 8.8194655e-1
-2.911e-6 3.3332948e-1 8.888914e-1 8.888914e-1
8.333019e-2 3.3332948e-1 8.8194765e-1 8.8194765e-1
1.66663289e-1 3.3332948e-1 8.6111485e-1 8.6111485e-1
2.4999638e-1 3.3332948e-1 8.2639325e-1 8.2639325e-1
3.3332948e-1 3.3332948e-1 7.7778285e-1 7.7778285e-1
4.1666258e-1 3.3332948e-1 7.1528365e-1 7.1528365e-1
4.9999568e-1 3.3332948e-1 6.3889575e-1 6.3889575e-1
5.8332878e-1 3.3332948e-1 5.4861905e-1 5.4861905e-1
6.6666188e-1 3.3332948e-1 4.4445345e-1 4.4445345e-1
7.4999498e-1 3.3332948e-1 3.2639896e-1 3.2639896e-1
8.3332808e-1 3.3332948e-1 1.9445575e-1 1.9445575e-1
9.1666118e-1 3.3332948e-1 4.862364e-2 4.862364e-2
9.9999428e-1 3.3332948e-1 -1.1109726e-1 -1.1109726e-1

-1.0e0 4.1666258e-1 -1.7360779e-1 -1.7360779e-1
-9.16667e-1 4.1666258e-1 -1.388629e-2 -1.388629e-2
-8.3333391e-1 4.1666258e-1 1.3194691e-1 1.3194691e-1
-7.5000081e-1 4.1666258e-1 2.638912e-1 2.638912e-1
-6.6666771e-1 4.1666258e-1 3.8194621e-1 3.8194621e-1
-5.8333461e-1 4.1666258e-1 4.8611281e-1 4.8611281e-1
-5.0000151e-1 4.1666258e-1 5.7639072e-1 5.7639072e-1
-4.1666841e-1 4.1666258e-1 6.5277971e-1 6.5277971e-1
-3.3333531e-1 4.1666258e-1 7.1527982e-1 7.1527982e-1
-2.5000221e-1 4.1666258e-1 7.638912e-1 7.638912e-1
-1.6666911e-1 4.1666258e-1 7.9861371e-1 7.9861371e-1
-8.333601e-2 4.1666258e-1 8.1944731e-1 8.1944731e-1
-2.911e-6 4.1666258e-1 8.263922e-1 8.263922e-1
8.333019e-2 4.1666258e-1 8.1944841e-1 8.1944841e-1
1.66663289e-1 4.1666258e-1 7.9861562e-1 7.9861562e-1
2.4999638e-1 4.1666258e-1 7.6389401e-1 7.6389401e-1
3.3332948e-1 4.1666258e-1 7.1528362e-1 7.1528362e-1
4.1666258e-1 4.1666258e-1 6.5278441e-1 6.5278441e-1
4.9999568e-1 4.1666258e-1 5.7639651e-1 5.7639651e-1
5.8332878e-1 4.1666258e-1 4.8611981e-1 4.8611981e-1
6.6666188e-1 4.1666258e-1 3.8195421e-1 3.8195421e-1
7.4999498e-1 4.1666258e-1 2.6389972e-1 2.6389972e-1
8.3332808e-1 4.1666258e-1 1.3195651e-1 1.3195651e-1
9.1666118e-1 4.1666258e-1 -1.38756e-2 -1.38756e-2
9.9999428e-1 4.1666258e-1 -1.735965e-1 -1.735965e-1

-1.0e0 4.9999568e-1 -2.4999573e-1 -2.4999573e-1
-9.16667e-1 4.9999568e-1 -9.027423e-2 -9.027423e-2
-8.3333391e-1 4.9999568e-1 5.555898e-2 5.555898e-2
-7.5000081e-1 4.9999568e-1 1.8750327e-1 1.8750327e-1
-6.6666771e-1 4.9999568e-1 3.0555827e-1 3.0555827e-1
-5.8333461e-1 4.9999568e-1 4.0972487e-1 4.0972487e-1
-5.0000151e-1 4.9999568e-1 5.0000278e-1 5.0000278e-1
-4.1666841e-1 4.9999568e-1 5.7639177e-1 5.7639177e-1
-3.3333531e-1 4.9999568e-1 6.3889188e-1 6.3889188e-1
-2.5000221e-1 4.9999568e-1 6.8750327e-1 6.8750327e-1
-1.6666911e-1 4.9999568e-1 7.2222577e-1 7.2222577e-1
-8.333601e-2 4.9999568e-1 7.4305937e-1 7.4305937e-1
-2.911e-6 4.9999568e-1 7.500043e-1 7.500043e-1
8.333019e-2 4.9999568e-1 7.4306047e-1 7.4306047e-1
1.66663289e-1 4.9999568e-1 7.2222768e-1 7.2222768e-1
2.4999638e-1 4.9999568e-1 6.8750607e-1 6.8750607e-1
3.3332948e-1 4.9999568e-1 6.3889568e-1 6.3889568e-1
4.1666258e-1 4.9999568e-1 5.7639647e-1 5.7639647e-1
4.9999568e-1 4.9999568e-1 5.0000858e-1 5.0000858e-1
5.8332878e-1 4.9999568e-1 4.0973187e-1 4.0973187e-1
6.6666188e-1 4.9999568e-1 3.0556627e-1 3.0556627e-1
7.4999498e-1 4.9999568e-1 1.8751178e-1 1.8751178e-1
8.3332808e-1 4.9999568e-1 5.556857e-2 5.556857e-2
9.1666118e-1 4.9999568e-1 -9.026353e-2 -9.026353e-2
9.9999428e-1 4.9999568e-1 -2.4998444e-1 -2.4998444e-1

-1.0e0 5.8332878e-1 -3.4027237e-1 -3.4027237e-1
-9.16667e-1 5.8332878e-1 -1.8055087e-1 -1.8055087e-1
-8.3333391e-1 5.8332878e-1 -3.471767e-2 -3.471767e-2
-7.5000081e-1 5.8332878e-1 9.722662e-2 9.722662e-2
-6.6666771e-1 5.8332878e-1 2.1528163e-1 2.1528163e-1
-5.8333461e-1 5.8332878e-1 3.1944823e-1 3.1944823e-1
-5.0000151e-1 5.8332878e-1 4.0972614e-1 4.0972614e-1
-4.1666841e-1 5.8332878e-1 4.8611513e-1 4.8611513e-1
-3.3333531e-1 5.8332878e-1 5.4861523e-1 5.4861523e-1
-2.5000221e-1 5.8332878e-1 5.9722662e-1 5.9722662e-1
-1.6666911e-1 5.8332878e-1 6.3194913e-1 6.3194913e-1
-8.333601e-2 5.8332878e-1 6.5278273e-1 6.5278273e-1
-2.911e-6 5.8332878e-1 6.597276e-1 6.597276e-1
8.333019e-2 5.8332878e-1 6.5278383e-1 6.5278383e-1
1.66663289e-1 5.8332878e-1 6.3195103e-1 6.3195103e-1
2.4999638e-1 5.8332878e-1 5.9722943e-1 5.9722943e-1
3.3332948e-1 5.8332878e-1 5.4861903e-1 5.4861903e-1
4.1666258e-1 5.8332878e-1 4.8611983e-1 4.8611983e-1
4.9999568e-1 5.8332878e-1 4.0973193e-1 4.0973193e-1
5.8332878e-1 5.8332878e-1 3.1945523e-1 3.1945523e-1
6.6666188e-1 5.8332878e-1 2.1528963e-1 2.1528963e-1
7.4999498e-1 5.8332878e-1 9.723514e-2 9.723514e-2
8.3332808e-1 5.8332878e-1 -3.470807e-2 -3.470807e-2
9.1666118e-1 5.8332878e-1 -1.8054018e-1 -1.8054018e-1
9.9999428e-1 5.8332878e-1 -3.4026108e-1 -3.4026108e-1

-1.0e0 6.6666188e-1 -4.4443802e-1 -4.4443802e-1
-9.16667e-1 6.6666188e-1 -2.8471652e-1 -2.8471652e-1
-8.3333391e-1 6.6666188e-1 -1.3888332e-1 -1.3888332e-1
-7.5000081e-1 6.6666188e-1 -6.93903e-3 -6.93903e-3
-6.6666771e-1 6.6666188e-1 1.1111598e-1 1.1111598e-1
-5.8333461e-1 6.6666188e-1 2.1528258e-1 2.1528258e-1
-5.0000151e-1 6.6666188e-1 3.0556049e-1 3.0556049e-1
-4.1666841e-1 6.6666188e-1 3.8194948e-1 3.8194948e-1
-3.3333531e-1 6.6666188e-1 4.4444958e-1 4.4444958e-1
-2.5000221e-1 6.6666188e-1 4.9306097e-1 4.9306097e-1
-1.6666911e-1 6.6666188e-1 5.2778348e-1 5.2778348e-1
-8.333601e-2 6.6666188e-1 5.4861708e-1 5.4861708e-1
-2.911e-6 6.6666188e-1 5.55562e-1 5.55562e-1
8.333019e-2 6.6666188e-1 5.4861818e-1 5.4861818e-1
1.66663289e-1 6.6666188e-1 5.2778539e-1 5.2778539e-1
2.4999638e-1 6.6666188e-1 4.9306378e-1 4.9306378e-1
3.3332948e-1 6.6666188e-1 4.4445338e-1 4.4445338e-1
4.1666258e-1 6.6666188e-1 3.8195418e-1 3.8195418e-1
4.9999568e-1 6.6666188e-1 3.0556628e-1 3.0556628e-1
5.8332878e-1 6.6666188e-1 2.1528958e-1 2.1528958e-1
6.6666188e-1 6.6666188e-1 1.1112398e-1 1.1112398e-1
7.4999498e-1 6.6666188e-1 -6.93051e-3 -6.93051e-3
8.3332808e-1 6.6666188e-1 -1.3887372e-1 -1.3887372e-1
9.1666118e-1 6.6666188e-1 -2.8470583e-1 -2.8470583e-1
9.9999428e-1 6.6666188e-1 -4.4442673e-1 -4.4442673e-1

-1.0e0 7.4999498e-1 -5.6249252e-1 -5.6249252e-1
-9.16667e-1 7.4999498e-1 -4.0277103e-1 -4.0277103e-1
-8.3333391e-1 7.4999498e-1 -2.5693782e-1 -2.5693782e-1
-7.5000081e-1 7.4999498e-1 -1.2499353e-1 -1.2499353e-1
-6.6666771e-1 7.4999498e-1 -6.93852e-3 -6.93852e-3
-5.8333461e-1 7.4999498e-1 9.722807e-2 9.722807e-2
-5.0000151e-1 7.4999498e-1 1.8750598e-1 1.8750598e-1
-4.1666841e-1 7.4999498e-1 2.6389497e-1 2.6389497e-1
-3.3333531e-1 7.4999498e-1 3.2639508e-1 3.2639508e-1
-2.5000221e-1 7.4999498e-1 3.7500647e-1 3.7500647e-1
-1.6666911e-1 7.4999498e-1 4.0972897e-1 4.0972897e-1
-8.333601e-2 7.4999498e-1 4.3056258e-1 4.3056258e-1
-2.911e-6 7.4999498e-1 4.375075e-1 4.375075e-1
8.333019e-2 7.4999498e-1 4.3056367e-1 4.3056367e-1
1.66663289e-1 7.4999498e-1 4.0973088e-1 4.0973088e-1
2.4999638e-1 7.4999498e-1 3.7500928e-1 3.7500928e-1
3.3332948e-1 7.4999498e-1 3.2639888e-1 3.2639888e-1
4.1666258e-1 7.4999498e-1 2.6389967e-1 2.6389967e-1
4.9999568e-1 7.4999498e-1 1.8751178e-1 1.8751178e-1
5.8332878e-1 7.4999498e-1 9.723508e-2 9.723508e-2
6.6666188e-1 7.4999498e-1 -6.93053e-3 -6.93053e-3
7.4999498e-1 7.4999498e-1 -1.2498502e-1 -1.2498502e-1
8.3332808e-1 7.4999498e-1 -2.5692822e-1 -2.5692822e-1
9.1666118e-1 7.4999498e-1 -4.0276033e-1 -4.0276033e-1
9.9999428e-1 7.4999498e-1 -5.6248123e-1 -5.6248123e-1

-1.0e0 8.3332808e-1 -6.9443573e-1 -6.9443573e-1
-9.16667e-1 8.3332808e-1 -5.3471423e-1 -5.3471423e-1
-8.3333391e-1 8.3332808e-1 -3.8888103e-1 -3.8888103e-1
-7.5000081e-1 8.3332808e-1 -2.5693674e-1 -2.5693674e-1
-6.6666771e-1 8.3332808e-1 -1.3888173e-1 -1.3888173e-1
-5.8333461e-1 8.3332808e-1 -3.471513e-2 -3.471513e-2
-5.0000151e-1 8.3332808e-1 5.556277e-2 5.556277e-2
-4.1666841e-1 8.3332808e-1 1.3195177e-1 1.3195177e-1
-3.3333531e-1 8.3332808e-1 1.9445187e-1 1.9445187e-1
-2.5000221e-1 8.3332808e-1 2.4306326e-1 2.4306326e-1
-1.6666911e-1 8.3332808e-1 2.7778577e-1 2.7778577e-1
-8.333601e-2 8.3332808e-1 2.9861937e-1 2.9861937e-1
-2.911e-6 8.3332808e-1 3.055643e-1 3.055643e-1
8.333019e-2 8.3332808e-1 2.9862047e-1 2.9862047e-1
1.66663289e-1 8.3332808e-1 2.7778767e-1 2.7778767e-1
2.4999638e-1 8.3332808e-1 2.4306607e-1 2.4306607e-1
3.3332948e-1 8.3332808e-1 1.9445567e-1 1.9445567e-1
4.1666258e-1 8.3332808e-1 1.3195647e-1 1.3195647e-1
4.9999568e-1 8.3332808e-1 5.556857e-2 5.556857e-2
5.8332878e-1 8.3332808e-1 -3.470813e-2 -3.470813e-2
6.6666188e-1 8.3332808e-1 -1.3887373e-1 -1.3887373e-1
7.4999498e-1 8.3332808e-1 -2.5692822e-1 -2.5692822e-1
8.3332808e-1 8.3332808e-1 -3.8887143e-1 -3.8887143e-1
9.1666118e-1 8.3332808e-1 -5.3470354e-1 -5.3470354e-1
9.9999428e-1 8.3332808e-1 -6.9442444e-1 -6.9442444e-1

-1.0e0 9.1666118e-1 -8.4026779e-1 -8.4026779e-1
-9.16667e-1 9.1666118e-1 -6.805463e-1 -6.805463e-1
-8.3333391e-1 9.1666118e-1 -5.3471309e-1 -5.3471309e-1
-7.5000081e-1 9.1666118e-1 -4.027688e-1 -4.027688e-1
-6.6666771e-1 9.1666118e-1 -2.8471379e-1 -2.8471379e-1
-5.8333461e-1 9.1666118e-1 -1.805472e-1 -1.805472e-1
-5.0000151e-1 9.1666118e-1 -9.026929e-2 -9.026929e-2
-4.1666841e-1 9.1666118e-1 -1.38803e-2 -1.38803e-2
-3.3333531e-1 9.1666118e-1 4.861981e-2 4.861981e-2
-2.5000221e-1 9.1666118e-1 9.72312e-2 9.72312e-2
-1.6666911e-1 9.1666118e-1 1.319537e-1 1.319537e-1
-8.333601e-2 9.1666118e-1 1.5278731e-1 1.5278731e-1
-2.911e-6 9.1666118e-1 1.597322e-1 1.597322e-1
8.333019e-2 9.1666118e-1 1.527884e-1 1.527884e-1
1.66663289e-1 9.1666118e-1 1.3195561e-1 1.3195561e-1
2.4999638e-1 9.1666118e-1 9.723401e-2 9.723401e-2
3.3332948e-1 9.1666118e-1 4.862361e-2 4.862361e-2
4.1666258e-1 9.1666118e-1 -1.38756e-2 -1.38756e-2
4.9999568e-1 9.1666118e-1 -9.026349e-2 -9.026349e-2
5.8332878e-1 9.1666118e-1 -1.8054019e-1 -1.8054019e-1
6.6666188e-1 9.1666118e-1 -2.847058e-1 -2.847058e-1
7.4999498e-1 9.1666118e-1 -4.0276028e-1 -4.0276028e-1
8.3332808e-1 9.1666118e-1 -5.3470349e-1 -5.3470349e-1
9.1666118e-1 9.1666118e-1 -6.805356e-1 -6.805356e-1
9.9999428e-1 9.1666118e-1 -8.402565e-1 -8.402565e-1

-1.0e0 9.9999428e-1 -9.9998871e-1 -9.9998871e-1
-9.16667e-1 9.9999428e-1 -8.4026721e-1 -8.4026721e-1
-8.3333391e-1 9.9999428e-1 -6.94434e-1 -6.94434e-1
-7.5000081e-1 9.9999428e-1 -5.6248972e-1 -5.6248972e-1
-6.6666771e-1 9.9999428e-1 -4.4443471e-1 -4.4443471e-1
-5.8333461e-1 9.9999428e-1 -3.4026811e-1 -3.4026811e-1
-5.0000151e-1 9.9999428e-1 -2.499902e-1 -2.499902e-1
-4.1666841e-1 9.9999428e-1 -1.7360121e-1 -1.7360121e-1
-3.3333531e-1 9.9999428e-1 -1.111011e-1 -1.111011e-1
-2.5000221e-1 9.9999428e-1 -6.248972e-2 -6.248972e-2
-1.6666911e-1 9.9999428e-1 -2.776721e-2 -2.776721e-2
-8.333601e-2 9.9999428e-1 -6.93361e-3 -6.93361e-3
-2.911e-6 9.9999428e-1 1.13e-5 1.13e-5
8.333019e-2 9.9999428e-1 -6.93251e-3 -6.93251e-3
1.66663289e-1 9.9999428e-1 -2.77653e-2 -2.77653e-2
2.4999638e-1 9.9999428e-1 -6.248691e-2 -6.248691e-2
3.3332948e-1 9.9999428e-1 -1.110973e-1 -1.110973e-1
4.1666258e-1 9.9999428e-1 -1.7359651e-1 -1.7359651e-1
4.9999568e-1 9.9999428e-1 -2.499844e-1 -2.499844e-1
5.8332878e-1 9.9999428e-1 -3.4026111e-1 -3.4026111e-1
6.6666188e-1 9.9999428e-1 -4.4442671e-1 -4.4442671e-1
7.4999498e-1 9.9999428e-1 -5.624812e-1 -5.624812e-1
8.3332808e-1 9.9999428e-1 -6.9442441e-1 -6.9442441e-1
9.1666118e-1 9.9999428e-1 -8.4025652e-1 -8.4025652e-1
9.9999428e-1 9.9999428e-1 -9.9997742e-1 -9.9997742e-1
